wavelength |      transmission
       0.3 |   0.0167262754938
     0.301 |   0.0464963802376
     0.302 |   0.0609436394335
     0.303 |   0.0812527064004
     0.304 |   0.0972645969713
     0.305 |    0.122651959063
     0.306 |    0.141501352101
     0.307 |    0.166603138767
     0.308 |    0.191606636194
     0.309 |    0.208977030359
      0.31 |    0.240925217518
     0.311 |    0.256865705392
     0.312 |    0.280479395459
     0.313 |    0.304903783818
     0.314 |    0.316816982507
     0.315 |    0.346068549961
     0.316 |     0.35286888076
     0.317 |    0.377404743962
     0.318 |    0.383697007574
     0.319 |    0.413681485939
      0.32 |    0.408542692329
     0.321 |    0.440331538771
     0.322 |    0.438983861559
     0.323 |    0.447449596127
     0.324 |    0.474048610235
     0.325 |    0.464135795891
     0.326 |     0.48197453943
     0.327 |    0.494853091621
     0.328 |    0.487764821638
     0.329 |    0.508509355656
      0.33 |    0.514278997124
     0.331 |    0.510368515344
     0.332 |    0.524926068538
     0.333 |    0.532177891846
     0.334 |    0.529441696163
     0.335 |    0.541705710262
     0.336 |    0.547245911716
     0.337 |    0.546237211535
     0.338 |     0.55241611205
     0.339 |    0.559992808657
      0.34 |    0.561600011388
     0.341 |    0.566382300327
     0.342 |    0.571727443836
     0.343 |    0.575043177808
     0.344 |    0.576653965021
     0.345 |    0.581900360391
     0.346 |     0.58657231239
     0.347 |    0.590297531478
     0.348 |    0.593710497558
     0.349 |    0.597584420907
      0.35 |    0.600929599019
     0.351 |    0.604189136437
     0.352 |    0.607010957648
     0.353 |    0.610742719526
     0.354 |    0.614087179309
     0.355 |    0.617189928525
     0.356 |    0.620209829135
     0.357 |    0.622996450945
     0.358 |    0.625787148628
     0.359 |    0.628459373323
      0.36 |    0.631118607598
     0.361 |    0.634174614186
     0.362 |    0.637786539139
     0.363 |    0.641433274797
     0.364 |    0.644736290656
     0.365 |    0.647784556484
     0.366 |    0.650794305552
     0.367 |    0.653671833061
     0.368 |    0.656496849749
     0.369 |    0.659285255388
      0.37 |    0.662045659393
     0.371 |      0.6647782957
     0.372 |    0.667483399078
     0.373 |    0.670161264427
     0.374 |    0.672791695825
     0.375 |    0.675388812065
     0.376 |    0.677898531483
     0.377 |    0.680286592172
     0.378 |    0.682509755792
     0.379 |    0.684674351671
      0.38 |    0.686972892005
     0.381 |    0.689597542102
     0.382 |    0.692409583704
     0.383 |    0.695148761592
     0.384 |    0.697732740496
     0.385 |    0.700192718378
     0.386 |    0.702581061857
     0.387 |    0.704916267733
     0.388 |    0.707212864359
     0.389 |    0.709485913878
      0.39 |    0.711735612563
     0.391 |     0.71397934449
     0.392 |    0.716197704703
     0.393 |    0.718378940814
     0.394 |    0.720537767628
     0.395 |    0.722674405556
     0.396 |    0.724786133936
     0.397 |    0.726770299779
     0.398 |    0.728894277889
     0.399 |    0.730956835796
       0.4 |    0.732962949382
     0.401 |    0.735114482248
     0.402 |    0.737227335009
     0.403 |    0.739308711019
     0.404 |    0.741370708203
     0.405 |     0.74341256758
     0.406 |    0.745431381375
     0.407 |     0.74744948739
     0.408 |    0.749428211237
     0.409 |    0.751381041331
      0.41 |    0.753317804208
     0.411 |    0.755239507528
     0.412 |    0.757149315551
     0.413 |    0.759042034466
     0.414 |    0.760899924437
     0.415 |    0.762730276782
     0.416 |     0.76453636823
     0.417 |    0.766333313138
     0.418 |    0.768126647702
     0.419 |    0.769904895815
      0.42 |    0.771676332535
     0.421 |    0.773417028413
     0.422 |    0.775128401651
     0.423 |    0.776815519107
     0.424 |    0.778475842551
     0.425 |    0.780120344289
     0.426 |    0.781761700369
     0.427 |    0.783408340786
     0.428 |    0.785051151274
     0.429 |    0.786675689632
      0.43 |    0.788279711524
     0.431 |     0.78984825258
     0.432 |    0.791359505247
     0.433 |    0.792870856168
     0.434 |    0.794398205401
     0.435 |    0.795922302958
     0.436 |    0.797429639718
     0.437 |    0.798906487728
     0.438 |    0.800340791142
     0.439 |    0.801734233908
      0.44 |    0.803056486302
     0.441 |    0.804356873267
     0.442 |    0.805563162044
     0.443 |    0.806394306895
     0.444 |    0.808196253041
     0.445 |    0.809460505625
     0.446 |    0.810826099756
     0.447 |    0.812384574921
     0.448 |    0.813825131069
     0.449 |    0.815215775388
      0.45 |    0.816563536552
     0.451 |    0.817871243967
     0.452 |    0.819181844299
     0.453 |    0.820462647528
     0.454 |    0.821733981387
     0.455 |    0.822955932628
     0.456 |    0.824110169195
     0.457 |    0.825201410802
     0.458 |    0.826241241766
     0.459 |    0.827262179331
      0.46 |    0.828278910591
     0.461 |    0.829336151635
     0.462 |     0.83044272245
     0.463 |    0.831595329553
     0.464 |    0.832823010045
     0.465 |    0.834050296713
     0.466 |    0.835191232635
     0.467 |    0.836179324494
     0.468 |    0.837094202172
     0.469 |    0.837922089173
      0.47 |    0.838602224213
     0.471 |    0.839500906615
     0.472 |    0.840310186759
     0.473 |    0.840998505592
     0.474 |    0.841661610013
     0.475 |    0.841941363202
     0.476 |    0.841872767877
     0.477 |    0.842028153017
     0.478 |    0.842960329437
     0.479 |    0.844335325137
      0.48 |    0.845778877573
     0.481 |    0.847187324489
     0.482 |     0.84851123504
     0.483 |    0.849788082625
     0.484 |    0.851075476202
     0.485 |    0.852158399297
     0.486 |    0.853375674532
     0.487 |    0.854382265761
     0.488 |    0.855303746525
     0.489 |    0.856065908914
      0.49 |    0.856839343875
     0.491 |     0.85763341432
     0.492 |    0.858463543241
     0.493 |     0.85927897995
     0.494 |    0.860059452302
     0.495 |    0.860808862309
     0.496 |    0.861454050449
     0.497 |    0.862017072309
     0.498 |    0.862486689577
     0.499 |    0.862803623784
       0.5 |    0.863040800303
     0.501 |    0.863189078053
     0.502 |    0.863108448124
     0.503 |    0.862732885643
     0.504 |    0.859819206986
     0.505 |    0.863650831906
     0.506 |    0.863657671182
     0.507 |    0.864346467382
     0.508 |    0.865687488901
     0.509 |    0.867067652963
      0.51 |    0.868304291673
     0.511 |    0.869599993385
     0.512 |    0.870392986142
     0.513 |    0.871054317324
     0.514 |    0.871607989202
     0.515 |    0.872109251835
     0.516 |    0.872614581263
     0.517 |    0.873132985264
     0.518 |    0.873645294935
     0.519 |    0.874119401673
      0.52 |    0.874579668738
     0.521 |    0.874908020617
     0.522 |    0.875168468191
     0.523 |    0.875306531506
     0.524 |    0.875194553903
     0.525 |    0.875171297085
     0.526 |    0.875386817608
     0.527 |    0.875193498296
     0.528 |    0.875299869487
     0.529 |    0.875259919499
      0.53 |    0.875358837261
     0.531 |    0.875530249497
     0.532 |    0.875851912514
     0.533 |    0.876282133544
     0.534 |    0.876878582006
     0.535 |    0.877591257344
     0.536 |    0.878357617791
     0.537 |    0.879012850889
     0.538 |    0.879548253413
     0.539 |    0.879886202295
      0.54 |    0.879994275587
     0.541 |    0.879483564886
     0.542 |    0.879507706615
     0.543 |    0.880629009842
     0.544 |    0.880102161232
     0.545 |    0.880872555747
     0.546 |    0.880532974302
     0.547 |    0.881538917548
     0.548 |    0.882229602086
     0.549 |    0.882766561247
      0.55 |    0.883115832027
     0.551 |    0.883563917073
     0.552 |     0.88394456429
     0.553 |    0.884241448225
     0.554 |    0.884482076794
     0.555 |    0.884647369479
     0.556 |    0.884744149525
     0.557 |    0.884768289466
     0.558 |    0.884719300622
     0.559 |    0.884558922252
      0.56 |    0.884366522088
     0.561 |    0.884150292961
     0.562 |    0.883918139151
     0.563 |    0.883678596955
     0.564 |    0.883471620271
     0.565 |    0.883253169235
     0.566 |    0.882993936198
     0.567 |    0.882595251233
     0.568 |    0.881483009351
     0.569 |    0.878323587543
      0.57 |    0.878971693582
     0.571 |     0.88044373823
     0.572 |    0.878578404582
     0.573 |    0.878602596385
     0.574 |     0.87863108914
     0.575 |    0.878524832946
     0.576 |    0.879078606692
     0.577 |    0.879746437342
     0.578 |    0.880997866003
     0.579 |    0.882511655745
      0.58 |    0.884313334328
     0.581 |    0.886270445409
     0.582 |    0.887897935622
     0.583 |    0.889344353766
     0.584 |    0.890370943947
     0.585 |    0.891240374135
     0.586 |    0.891630924006
     0.587 |    0.891322788272
     0.588 |    0.886564109163
     0.589 |     0.87567895441
      0.59 |    0.876761605583
     0.591 |    0.882882221241
     0.592 |    0.878712526728
     0.593 |     0.88259410155
     0.594 |    0.881739890851
     0.595 |    0.879834199934
     0.596 |    0.886069827236
     0.597 |    0.885820443751
     0.598 |    0.887922843351
     0.599 |    0.889513312243
       0.6 |     0.89157678053
     0.601 |     0.89320094357
     0.602 |    0.893660255335
     0.603 |    0.894469650088
     0.604 |    0.895334190556
     0.605 |    0.895943342136
     0.606 |    0.896662557905
     0.607 |    0.897438339081
     0.608 |    0.898239786817
     0.609 |    0.899065007332
      0.61 |    0.899914985611
     0.611 |    0.900751914323
     0.612 |    0.901549807278
     0.613 |    0.902297199901
     0.614 |    0.903009439352
     0.615 |    0.903682526297
     0.616 |    0.904328015851
     0.617 |    0.904921059864
     0.618 |    0.905462560526
     0.619 |    0.905925023579
      0.62 |    0.906315011815
     0.621 |    0.906641789208
     0.622 |    0.906913001894
     0.623 |    0.907106412267
     0.624 |     0.90728891244
     0.625 |    0.907379065415
     0.626 |    0.907289906775
     0.627 |    0.906510113176
     0.628 |    0.884665133869
     0.629 |    0.898419091572
      0.63 |     0.89836277398
     0.631 |    0.905364093966
     0.632 |    0.906613607833
     0.633 |    0.909585934355
     0.634 |    0.911578042049
     0.635 |    0.912715312837
     0.636 |    0.914139605628
     0.637 |    0.915310411009
     0.638 |    0.916792500473
     0.639 |    0.917703975521
      0.64 |    0.918767430008
     0.641 |    0.919619498325
     0.642 |    0.920513684968
     0.643 |    0.920844068437
     0.644 |    0.921753096268
     0.645 |    0.921671975312
     0.646 |    0.919411453414
     0.647 |    0.914116779507
     0.648 |    0.909019096083
     0.649 |    0.909803956024
      0.65 |    0.919519919966
     0.651 |    0.921820819542
     0.652 |     0.91051901439
     0.653 |    0.921551965249
     0.654 |    0.923520270769
     0.655 |    0.917342582284
     0.656 |     0.92338211212
     0.657 |    0.922976645584
     0.658 |    0.925785686011
     0.659 |    0.927682608439
      0.66 |    0.929145185871
     0.661 |    0.930874345528
     0.662 |    0.931930134772
     0.663 |    0.932248727838
     0.664 |    0.932828739636
     0.665 |    0.933421494448
     0.666 |    0.933994056866
     0.667 |     0.93457962148
     0.668 |    0.935223723357
     0.669 |    0.935654404092
      0.67 |    0.936217827893
     0.671 |    0.936697838587
     0.672 |    0.937180737024
     0.673 |    0.937648320845
     0.674 |    0.938099417231
     0.675 |    0.938520488641
     0.676 |    0.938946679785
     0.677 |    0.939371043769
     0.678 |    0.939776532976
     0.679 |    0.940149239073
      0.68 |    0.940465949416
     0.681 |     0.94076628552
     0.682 |    0.940992386943
     0.683 |    0.941163378075
     0.684 |    0.941435526591
     0.685 |    0.941943769103
     0.686 |    0.942005834549
     0.687 |     0.77507512237
     0.688 |    0.841955324917
     0.689 |    0.848142543297
      0.69 |    0.859665958424
     0.691 |    0.891889525869
     0.692 |    0.908564023359
     0.693 |    0.907906503354
     0.694 |    0.900709634824
     0.695 |    0.916674253705
     0.696 |    0.912301715137
     0.697 |     0.93954478842
     0.698 |    0.939432064973
     0.699 |    0.923317238943
       0.7 |    0.925059654702
     0.701 |    0.924227559928
     0.702 |     0.92802689314
     0.703 |    0.926477989062
     0.704 |    0.934360368513
     0.705 |     0.93488532922
     0.706 |    0.939713902849
     0.707 |    0.940328050023
     0.708 |    0.940571187063
     0.709 |    0.944473372083
      0.71 |    0.943549739172
     0.711 |    0.944666686284
     0.712 |    0.945984378929
     0.713 |     0.94545675179
     0.714 |    0.944541457377
     0.715 |    0.939968684302
     0.716 |    0.938605270223
     0.717 |    0.879677348897
     0.718 |    0.841859648357
     0.719 |    0.804337259359
      0.72 |    0.820740461494
     0.721 |    0.871733168703
     0.722 |    0.930219367906
     0.723 |    0.889288683212
     0.724 |    0.850034655023
     0.725 |    0.850343716048
     0.726 |    0.876779658014
     0.727 |    0.872687093581
     0.728 |    0.856309610042
     0.729 |    0.877856500756
      0.73 |    0.901526320962
     0.731 |    0.875438256234
     0.732 |    0.906489487735
     0.733 |    0.930651278516
     0.734 |    0.936198071766
     0.735 |    0.934120242508
     0.736 |    0.936422513423
     0.737 |    0.935357695471
     0.738 |    0.946557296043
     0.739 |    0.944178800068
      0.74 |    0.950242941695
     0.741 |    0.952605724899
     0.742 |    0.954500437373
     0.743 |    0.955373336539
     0.744 |    0.956475287999
     0.745 |     0.95725325245
     0.746 |    0.957356240618
     0.747 |    0.957692503108
     0.748 |    0.958007585304
     0.749 |    0.958304398494
      0.75 |    0.958476092843
     0.751 |     0.95877790645
     0.752 |    0.959096574539
     0.753 |    0.959437385017
     0.754 |    0.959675829056
     0.755 |    0.959950104172
     0.756 |    0.960178907355
     0.757 |    0.960406603588
     0.758 |    0.960547169785
     0.759 |    0.959139260881
      0.76 |    0.456438790897
     0.761 |    0.358064214569
     0.762 |    0.729270991522
     0.763 |    0.522492088109
     0.764 |    0.642283365704
     0.765 |    0.716920876186
     0.766 |    0.800434746523
     0.767 |    0.870725567149
     0.768 |    0.927357461881
     0.769 |    0.941412306782
      0.77 |    0.954150891705
     0.771 |    0.959783802227
     0.772 |    0.961163618048
     0.773 |    0.961603599002
     0.774 |    0.962017039801
     0.775 |    0.962337701999
     0.776 |    0.962515803789
     0.777 |    0.962693061254
     0.778 |    0.962718711781
     0.779 |     0.96279568718
      0.78 |    0.962924704674
     0.781 |    0.963153461755
     0.782 |    0.963181114802
     0.783 |    0.963318009871
     0.784 |    0.963086592325
     0.785 |     0.96291307015
     0.786 |    0.962394020006
     0.787 |    0.957168082834
     0.788 |    0.955955562447
     0.789 |    0.952777361276
      0.79 |    0.942805677755
     0.791 |    0.951138101175
     0.792 |    0.952270203789
     0.793 |    0.950762601473
     0.794 |    0.963177131971
     0.795 |    0.960570739198
     0.796 |    0.947321427832
     0.797 |     0.94791611355
     0.798 |    0.959652945902
     0.799 |    0.955947718012
       0.8 |    0.951773868007
     0.801 |    0.951145882455
     0.802 |    0.951450310704
     0.803 |    0.950380262377
     0.804 |    0.952563062221
     0.805 |    0.955227482209
     0.806 |    0.961040472356
     0.807 |    0.959282898971
     0.808 |    0.960848036811
     0.809 |    0.956543481362
      0.81 |    0.952075197267
     0.811 |    0.947762468444
     0.812 |    0.936666490849
     0.813 |    0.927982543859
     0.814 |    0.872796708912
     0.815 |    0.867715206998
     0.816 |    0.828944275205
     0.817 |    0.843945957447
     0.818 |    0.836800934736
     0.819 |    0.889623340197
      0.82 |    0.860273872458
     0.821 |     0.93862355643
     0.822 |     0.92463877412
     0.823 |    0.742239952098
     0.824 |    0.909215646732
     0.825 |    0.924056878036
     0.826 |    0.904004644887
     0.827 |    0.928889133193
     0.828 |    0.853042223177
     0.829 |    0.908637961719
      0.83 |     0.90074283469
     0.831 |    0.906061673539
     0.832 |    0.887252474423
     0.833 |    0.941493437996
     0.834 |    0.920739350148
     0.835 |    0.955694630822
     0.836 |    0.935213231628
     0.837 |      0.9584088666
     0.838 |    0.952113891744
     0.839 |     0.95849911885
      0.84 |    0.960839884474
     0.841 |    0.957980967194
     0.842 |    0.962001548694
     0.843 |    0.965646359464
     0.844 |    0.963092077122
     0.845 |    0.967740398151
     0.846 |    0.967964698968
     0.847 |    0.970086521661
     0.848 |    0.967650536057
     0.849 |    0.968294411312
      0.85 |    0.968895306568
     0.851 |    0.965546971715
     0.852 |    0.967796695547
     0.853 |    0.968976959762
     0.854 |    0.967137450175
     0.855 |    0.970130673126
     0.856 |     0.96902552985
     0.857 |    0.970403569951
     0.858 |    0.970401287924
     0.859 |    0.970743135206
      0.86 |    0.971730036909
     0.861 |    0.971658841553
     0.862 |    0.972101172531
     0.863 |     0.97207710729
     0.864 |    0.972488336489
     0.865 |    0.972568812238
     0.866 |    0.972729384577
     0.867 |    0.972853236037
     0.868 |    0.972958072835
     0.869 |     0.97306333517
      0.87 |    0.973191165415
     0.871 |    0.973220960104
     0.872 |    0.973383214206
     0.873 |    0.973463633308
     0.874 |    0.973420568179
     0.875 |    0.973484303367
     0.876 |    0.973427853326
     0.877 |    0.973549675818
     0.878 |    0.973341014711
     0.879 |    0.973424554693
      0.88 |    0.973590942114
     0.881 |    0.972368738759
     0.882 |    0.972282244994
     0.883 |    0.973192282639
     0.884 |    0.973009297534
     0.885 |    0.972818482982
     0.886 |    0.969437798412
     0.887 |    0.971712011462
     0.888 |    0.968393971062
     0.889 |    0.974238350368
      0.89 |    0.969178128844
     0.891 |    0.971777791014
     0.892 |    0.966580152662
     0.893 |    0.952476792836
     0.894 |    0.943727147266
     0.895 |    0.919794572443
     0.896 |     0.88754552568
     0.897 |    0.825874349444
     0.898 |    0.860633367289
     0.899 |    0.727583227538
       0.9 |    0.877896980097
     0.901 |    0.802718472749
     0.902 |    0.862615943074
     0.903 |    0.833772268346
     0.904 |    0.943688628139
     0.905 |    0.929010784869
     0.906 |    0.901211735999
     0.907 |    0.822311079315
     0.908 |    0.823824518294
     0.909 |     0.85382922322
      0.91 |    0.822333799371
     0.911 |    0.856047597512
     0.912 |    0.854949158205
     0.913 |    0.825867063169
     0.914 |    0.813674558966
     0.915 |    0.870875725687
     0.916 |    0.780137850273
     0.917 |    0.890805275703
     0.918 |      0.7967992387
     0.919 |    0.889443084204
      0.92 |    0.896428358778
     0.921 |    0.929677250694
     0.922 |    0.884319254355
     0.923 |    0.926497548731
     0.924 |    0.894031107406
     0.925 |    0.879356816086
     0.926 |    0.900582391616
     0.927 |     0.93361195836
     0.928 |    0.816154660747
     0.929 |    0.800270144026
      0.93 |    0.685102022731
     0.931 |    0.666735338675
     0.932 |    0.574308876684
     0.933 |    0.503406992847
     0.934 |    0.407892863838
     0.935 |    0.494103864457
     0.936 |    0.398494496752
     0.937 |    0.422841988729
     0.938 |    0.468911934049
     0.939 |    0.672276015685
      0.94 |    0.741032212444
     0.941 |    0.650485841653
     0.942 |     0.68055553459
     0.943 |    0.524478626759
     0.944 |    0.571304300313
     0.945 |    0.650884907756
     0.946 |    0.463645706002
     0.947 |    0.662825965772
     0.948 |     0.52498330847
     0.949 |    0.771242005366
      0.95 |    0.392701344276
     0.951 |     0.82041638601
     0.952 |    0.549254886194
     0.953 |    0.624178883179
     0.954 |    0.724615854883
     0.955 |     0.67285552084
     0.956 |    0.629472010674
     0.957 |    0.583435446108
     0.958 |    0.725011654204
     0.959 |    0.662500592507
      0.96 |    0.713971312605
     0.961 |    0.728762163783
     0.962 |    0.728530692074
     0.963 |    0.768478105807
     0.964 |    0.742001838337
     0.965 |    0.767750914516
     0.966 |    0.784311961737
     0.967 |    0.770149870709
     0.968 |    0.889379226992
     0.969 |    0.917922281045
      0.97 |    0.886255108581
     0.971 |    0.940955295844
     0.972 |    0.912677635945
     0.973 |    0.870600975526
     0.974 |    0.843404460573
     0.975 |    0.852278171784
     0.976 |    0.837822296116
     0.977 |    0.883360724782
     0.978 |    0.888413716964
     0.979 |     0.88475447233
      0.98 |    0.863295030477
     0.981 |    0.945683176937
     0.982 |    0.933614109252
     0.983 |    0.911931123893
     0.984 |    0.967695703926
     0.985 |    0.928285139676
     0.986 |    0.970706655175
     0.987 |    0.966165907216
     0.988 |    0.962395349446
     0.989 |    0.976502621939
      0.99 |    0.964958020696
     0.991 |    0.975384737304
     0.992 |    0.976988657315
     0.993 |    0.969774015996
     0.994 |    0.977358717266
     0.995 |    0.979165311947
     0.996 |    0.978396139769
     0.997 |     0.97859601496
     0.998 |    0.978662296773
     0.999 |    0.978469063751
       1.0 |    0.975869374025
     1.001 |    0.979083777913
     1.002 |    0.970194596042
     1.003 |    0.978293298471
     1.004 |    0.976069867815
     1.005 |    0.979902422395
     1.006 |     0.97779120955
     1.007 |     0.97891464793
     1.008 |    0.976764777378
     1.009 |    0.975357762121
      1.01 |    0.973632079096
     1.011 |    0.979730634537
     1.012 |    0.977408047816
     1.013 |    0.979916723487
     1.014 |    0.979749944046
     1.015 |    0.979976946067
     1.016 |    0.979220703884
     1.017 |    0.978888364297
     1.018 |    0.981068574406
     1.019 |    0.976219392981
      1.02 |    0.980772956618
     1.021 |    0.980683206081
     1.022 |    0.979577584521
     1.023 |    0.979348207112
     1.024 |    0.975161731424
     1.025 |    0.980974388562
     1.026 |    0.979806113912
     1.027 |    0.980393990846
     1.028 |    0.979765322138
     1.029 |    0.979592728139
      1.03 |    0.981314539174
     1.031 |    0.980699360376
     1.032 |    0.981646539064
     1.033 |    0.981318407727
     1.034 |    0.981654783881
     1.035 |    0.981728457664
     1.036 |     0.98147522895
     1.037 |    0.981403111533
     1.038 |    0.981641091086
     1.039 |    0.981510273293
      1.04 |    0.981592886016
     1.041 |    0.981421848909
     1.042 |    0.981560506663
     1.043 |     0.98159766255
     1.044 |    0.981586823712
     1.045 |    0.981473647255
     1.046 |    0.981351823456
     1.047 |    0.981267265519
     1.048 |    0.981199903201
     1.049 |    0.980682818116
      1.05 |    0.980345132761
     1.051 |    0.980476213008
     1.052 |     0.97985948073
     1.053 |    0.979752902098
     1.054 |     0.97942136517
     1.055 |    0.978874155497
     1.056 |    0.978195040284
     1.057 |      0.9774707957
     1.058 |    0.976650830847
     1.059 |    0.975877261488
      1.06 |    0.975437082395
     1.061 |    0.975024260749
     1.062 |    0.974277093058
     1.063 |    0.973574845438
     1.064 |    0.973526891575
     1.065 |    0.971739698868
     1.066 |    0.972702447984
     1.067 |    0.972820728506
     1.068 |    0.971671450631
     1.069 |    0.972200776336
      1.07 |    0.973629043123
     1.071 |    0.977322224233
     1.072 |    0.974425582374
     1.073 |    0.976112929902
     1.074 |    0.980000007495
     1.075 |    0.968437162519
     1.076 |    0.979176777597
     1.077 |    0.971413476206
     1.078 |    0.971245121359
     1.079 |    0.981814343843
      1.08 |    0.965439728758
     1.081 |    0.966117236688
     1.082 |    0.977838349789
     1.083 |    0.976890816977
     1.084 |    0.958856261497
     1.085 |    0.972470917002
     1.086 |    0.933035872824
     1.087 |     0.96776837834
     1.088 |    0.975816559598
     1.089 |    0.963179259093
      1.09 |    0.944720682335
     1.091 |    0.971291319049
     1.092 |      0.9796425308
     1.093 |    0.909928960887
     1.094 |    0.969095049048
     1.095 |    0.935130079335
     1.096 |    0.918593388411
     1.097 |    0.976523215659
     1.098 |    0.919277906093
     1.099 |    0.926143126214
       1.1 |    0.894689293572
     1.101 |    0.902359779361
     1.102 |    0.894893819135
     1.103 |    0.881546670815
     1.104 |    0.862619605334
     1.105 |     0.93478462793
     1.106 |     0.81809255673
     1.107 |    0.902430244319
     1.108 |    0.835566835427
     1.109 |    0.843047426825
      1.11 |    0.905196763082
     1.111 |    0.733192135982
     1.112 |    0.834355407671
     1.113 |    0.666671282326
     1.114 |    0.723864111897
     1.115 |    0.641569923651
     1.116 |    0.588660862013
     1.117 |    0.352602609744
     1.118 |    0.625480630828
     1.119 |    0.442732338128
      1.12 |    0.484007391021
     1.121 |    0.610526559624
     1.122 |    0.361822449287
     1.123 |    0.486091463492
     1.124 |    0.413313923575
     1.125 |    0.498122678524
     1.126 |    0.274808488916
     1.127 |    0.567718164344
     1.128 |     0.44428085094
     1.129 |    0.467080478809
      1.13 |    0.357167355357
     1.131 |    0.781700295865
     1.132 |    0.654644755793
     1.133 |    0.565859165039
     1.134 |     0.27556684481
     1.135 |     0.10536541588
     1.136 |    0.485955226964
     1.137 |    0.780501749577
     1.138 |    0.626102015551
     1.139 |    0.736773784244
      1.14 |    0.650777434454
     1.141 |    0.617294902583
     1.142 |    0.642476236886
     1.143 |    0.785302606235
     1.144 |    0.437224893495
     1.145 |    0.534407848008
     1.146 |    0.578747223443
     1.147 |    0.334075845122
     1.148 |    0.704115501469
     1.149 |    0.641453936904
      1.15 |    0.437360864462
     1.151 |    0.628141345005
     1.152 |     0.70557527577
     1.153 |    0.624505702144
     1.154 |    0.506006324928
     1.155 |    0.748513153318
     1.156 |      0.7119246292
     1.157 |    0.753431765829
     1.158 |    0.746285112463
     1.159 |    0.794134642923
      1.16 |    0.696913565923
     1.161 |    0.821511689468
     1.162 |    0.831155036154
     1.163 |    0.925711419238
     1.164 |    0.864481190838
     1.165 |    0.845904443424
     1.166 |    0.844920962525
     1.167 |    0.866901752676
     1.168 |    0.871528920812
     1.169 |    0.914106312633
      1.17 |    0.918469984531
     1.171 |     0.90474260007
     1.172 |    0.911747931744
     1.173 |     0.92709968977
     1.174 |    0.782229944365
     1.175 |    0.913837228161
     1.176 |    0.959400982089
     1.177 |    0.941193284274
     1.178 |    0.813197821452
     1.179 |    0.971558427203
      1.18 |      0.8909506185
     1.181 |    0.925793064549
     1.182 |    0.777814020018
     1.183 |    0.938117290221
     1.184 |    0.890881155317
     1.185 |    0.874195062362
     1.186 |    0.955880915098
     1.187 |    0.934499463859
     1.188 |    0.800134705553
     1.189 |    0.903502776825
      1.19 |    0.944708344013
     1.191 |     0.92164874966
     1.192 |    0.950348281959
     1.193 |    0.925543130459
     1.194 |    0.945628034009
     1.195 |    0.934312302822
     1.196 |    0.915126821922
     1.197 |    0.962745103794
     1.198 |    0.926626288327
     1.199 |    0.857138612717
       1.2 |    0.931693202832
     1.201 |    0.920742608558
     1.202 |    0.918925768826
     1.203 |    0.933638557112
     1.204 |    0.826171563469
     1.205 |    0.920045902235
     1.206 |    0.970629122279
     1.207 |    0.907365295688
     1.208 |    0.932508911606
     1.209 |    0.923087523866
      1.21 |    0.944374088637
     1.211 |    0.922164628632
     1.212 |    0.922983783752
     1.213 |    0.966146146819
     1.214 |    0.927866459938
     1.215 |    0.920870041881
     1.216 |    0.971189853537
     1.217 |    0.953593880146
     1.218 |    0.958836903157
     1.219 |    0.949397073469
      1.22 |     0.95737164373
     1.221 |    0.970609113131
     1.222 |    0.950656611226
     1.223 |    0.954707321846
     1.224 |    0.947792301064
     1.225 |    0.964449745631
     1.226 |    0.975910373691
     1.227 |    0.948739063231
     1.228 |     0.97559493649
     1.229 |     0.97567197036
      1.23 |    0.967043385259
     1.231 |    0.980629584383
     1.232 |    0.980768841236
     1.233 |    0.966160028418
     1.234 |    0.982803705235
     1.235 |    0.980810151357
     1.236 |    0.981865573965
     1.237 |    0.977589832946
     1.238 |    0.981904736103
     1.239 |    0.981358110623
      1.24 |    0.981830515204
     1.241 |    0.978836074135
     1.242 |    0.981233735771
     1.243 |    0.981137309238
     1.244 |    0.979921816974
     1.245 |    0.980228983214
     1.246 |    0.979957904696
     1.247 |    0.978688555684
     1.248 |     0.97660150843
     1.249 |    0.978167516919
      1.25 |     0.97558339385
     1.251 |     0.97350351528
     1.252 |     0.97536924023
     1.253 |    0.969830807506
     1.254 |    0.966294913107
     1.255 |    0.971730322004
     1.256 |     0.96112533598
     1.257 |    0.957604053506
     1.258 |    0.966065323592
     1.259 |    0.948196989634
      1.26 |    0.949935402852
     1.261 |    0.925287421626
     1.262 |    0.933748877631
     1.263 |     0.89822955588
     1.264 |    0.883001411828
     1.265 |    0.911957847076
     1.266 |    0.897475960203
     1.267 |    0.904629632923
     1.268 |    0.885089280941
     1.269 |    0.733642899297
      1.27 |    0.904369915198
     1.271 |    0.926791848769
     1.272 |    0.931514666846
     1.273 |    0.930277718072
     1.274 |    0.931399550202
     1.275 |    0.945473538058
     1.276 |    0.945710949944
     1.277 |    0.952376492588
     1.278 |    0.963060866726
     1.279 |    0.963671459164
      1.28 |    0.962989199359
     1.281 |    0.969726212187
     1.282 |    0.973305352433
     1.283 |    0.978093479625
     1.284 |    0.978334677303
     1.285 |    0.973270989152
     1.286 |    0.981596155267
     1.287 |    0.972511392851
     1.288 |    0.968562349354
     1.289 |    0.958591828418
      1.29 |    0.977277779385
     1.291 |    0.982803807274
     1.292 |    0.953880915225
     1.293 |    0.970540608467
     1.294 |    0.973093446155
     1.295 |    0.969812911103
     1.296 |    0.940368029077
     1.297 |    0.913978257186
     1.298 |    0.966591496482
     1.299 |    0.959011994937
       1.3 |    0.929613193049
     1.301 |    0.916048938623
     1.302 |    0.963308865909
     1.303 |    0.921231393402
     1.304 |    0.832708473165
     1.305 |    0.965320522448
     1.306 |    0.940803907612
     1.307 |      0.8280178466
     1.308 |    0.904541216327
     1.309 |    0.954300975928
      1.31 |    0.827735104583
     1.311 |    0.867616459719
     1.312 |    0.902644971119
     1.313 |    0.875865320961
     1.314 |    0.796230805213
     1.315 |    0.816714613467
     1.316 |    0.891459349924
     1.317 |    0.848919422486
     1.318 |    0.891784287585
     1.319 |     0.76249596753
      1.32 |    0.753620199045
     1.321 |    0.840369000849
     1.322 |    0.905357343579
     1.323 |    0.710503895754
     1.324 |    0.784702532121
     1.325 |    0.904790237823
     1.326 |    0.835047483343
     1.327 |    0.785468931825
     1.328 |    0.743153206629
     1.329 |     0.66420664507
      1.33 |    0.758625657611
     1.331 |    0.561187486453
     1.332 |    0.590914157176
     1.333 |    0.731415062116
     1.334 |    0.573272886544
     1.335 |    0.734725328634
     1.336 |    0.653859511064
     1.337 |    0.682140433807
     1.338 |    0.677753233409
     1.339 |    0.664740071891
      1.34 |    0.630013638103
     1.341 |    0.646556486339
     1.342 |    0.722038706621
     1.343 |    0.659574091403
     1.344 |    0.387958890573
     1.345 |    0.520991232111
     1.346 |    0.456266538146
     1.347 |    0.429828266758
     1.348 |   0.0818753581333
     1.349 |    0.254715750662
      1.35 |    0.247807628406
     1.351 |    0.123473405963
     1.352 |    0.107237237996
     1.353 |   0.0491832738031
     1.354 |   0.0506385594873
     1.355 |  0.00474679844161
     1.356 |   0.0113083756863
     1.357 |   0.0292286100004
     1.358 |   0.0074440257769
     1.359 |  0.00665631222823
      1.36 |  0.00481612649179
     1.361 | 0.000191041997523
     1.362 | 1.04878623104e-07
     1.363 |   0.0113962980534
     1.364 |  0.00337127601382
     1.365 |  2.9275316036e-05
     1.366 |   0.0120128467289
     1.367 |    0.005358568805
     1.368 | 3.10290570643e-06
     1.369 |  0.00232665366691
      1.37 |  0.00349400425097
     1.371 |  0.00049975077221
     1.372 | 0.000874327401741
     1.373 |  0.00795074195115
     1.374 |   0.0261616662294
     1.375 |   0.0309771772716
     1.376 |    0.041015609655
     1.377 |   0.0118904704007
     1.378 |   0.0883239831162
     1.379 |   0.0107984393303
      1.38 |   0.0262402594081
     1.381 |  0.00165385208036
     1.382 |  0.00449272546389
     1.383 | 0.000288119595713
     1.384 |  0.00249792211575
     1.385 |  0.00165727699572
     1.386 |  0.00783418887223
     1.387 |   0.0458037757478
     1.388 | 0.000525989587116
     1.389 |   0.0807263315018
      1.39 |   0.0644612731999
     1.391 |   0.0807890402161
     1.392 |     0.01797808796
     1.393 |   0.0380666242392
     1.394 |   0.0322528297491
     1.395 | 0.000207899525539
     1.396 | 0.000585930876222
     1.397 |   0.0146182243759
     1.398 |    0.127930007366
     1.399 |   0.0818131933163
       1.4 | 0.000359581310038
     1.401 | 0.000170507995478
     1.402 |    0.101106879736
     1.403 |   0.0954830781496
     1.404 |      0.0402552944
     1.405 | 0.000556015786088
     1.406 |    0.146067337379
     1.407 |    0.006815052062
     1.408 |    0.106445369152
     1.409 |   0.0510771318367
      1.41 |   0.0354528093116
     1.411 |   0.0862587854812
     1.412 |    0.112912758229
     1.413 |    0.325583005706
     1.414 |   0.0343988796204
     1.415 |   0.0150756874217
     1.416 |    0.317130761433
     1.417 |      0.1962415005
     1.418 |    0.196979126146
     1.419 |   0.0346415265136
      1.42 |    0.117730943804
     1.421 |    0.193891151764
     1.422 |    0.359672662909
     1.423 |    0.128210032494
     1.424 |    0.214208743817
     1.425 |    0.331192436652
     1.426 |    0.223567025966
     1.427 |    0.345576004177
     1.428 |    0.109107676228
     1.429 |    0.285577768773
      1.43 |    0.425503899932
     1.431 |    0.367778654232
     1.432 |   0.0836856017899
     1.433 |    0.312531881304
     1.434 |    0.193601117586
     1.435 |    0.303312821285
     1.436 |    0.323762064053
     1.437 |    0.273245046893
     1.438 |    0.177870022107
     1.439 |    0.368678137299
      1.44 |    0.327354961879
     1.441 |    0.287041509077
     1.442 |    0.302769939522
     1.443 |    0.322794523545
     1.444 |    0.418747428608
     1.445 |    0.350520085484
     1.446 |      0.1649571706
     1.447 |     0.31354414581
     1.448 |    0.616401605344
     1.449 |    0.556219021166
      1.45 |    0.238083165521
     1.451 |    0.105906893523
     1.452 |    0.386104686121
     1.453 |    0.508730302803
     1.454 |    0.658322286853
     1.455 |    0.441088742687
     1.456 |    0.550124264995
     1.457 |    0.641340026993
     1.458 |     0.61480497216
     1.459 |    0.715746614225
      1.46 |    0.469653829735
     1.461 |    0.504556187618
     1.462 |    0.641649855501
     1.463 |    0.298761955699
     1.464 |    0.745107312601
     1.465 |     0.48558284525
     1.466 |    0.457204579425
     1.467 |     0.34242512346
     1.468 |    0.516807934949
     1.469 |    0.527237872219
      1.47 |    0.355993740892
     1.471 |    0.145938282006
     1.472 |     0.36730863545
     1.473 |    0.460935310436
     1.474 |    0.535408642708
     1.475 |    0.784510553846
     1.476 |    0.438338892048
     1.477 |    0.435141908479
     1.478 |    0.402138462015
     1.479 |    0.615566387445
      1.48 |    0.375671610899
     1.481 |    0.630708765863
     1.482 |    0.410809656538
     1.483 |    0.707105282555
     1.484 |    0.618261298283
     1.485 |    0.624078294002
     1.486 |    0.607592586386
     1.487 |     0.43410853531
     1.488 |    0.554882954825
     1.489 |     0.80105542294
      1.49 |    0.714078979055
     1.491 |    0.775206524283
     1.492 |    0.709547983413
     1.493 |    0.737290953069
     1.494 |    0.798703103518
     1.495 |    0.762333730824
     1.496 |    0.769368796097
     1.497 |    0.855662803017
     1.498 |    0.774601057054
     1.499 |    0.848810413218
       1.5 |     0.89487687858
     1.501 |    0.908837753316
     1.502 |    0.892695069165
     1.503 |    0.824866621857
     1.504 |    0.689106197519
     1.505 |    0.806171355138
     1.506 |    0.939654492068
     1.507 |    0.934196297047
     1.508 |    0.908761419388
     1.509 |    0.759114677096
      1.51 |    0.947865103593
     1.511 |    0.933836493308
     1.512 |    0.937706075584
     1.513 |    0.918207645078
     1.514 |    0.871017775434
     1.515 |    0.955457691893
     1.516 |    0.925982840755
     1.517 |    0.921858361889
     1.518 |    0.909591575139
     1.519 |    0.899795337373
      1.52 |    0.942459182184
     1.521 |    0.987958207883
     1.522 |    0.956485639995
     1.523 |    0.976775767133
     1.524 |    0.980096473655
     1.525 |    0.950616377993
     1.526 |    0.953158542957
     1.527 |     0.94387828158
     1.528 |    0.983843110759
     1.529 |    0.969364961873
      1.53 |    0.960906106926
     1.531 |    0.957998605805
     1.532 |    0.985294045787
     1.533 |    0.981152759266
     1.534 |    0.975859338266
     1.535 |    0.968034817535
     1.536 |    0.975178823025
     1.537 |    0.975772822005
     1.538 |    0.984888747478
     1.539 |    0.977838694718
      1.54 |    0.981067115576
     1.541 |    0.982200981232
     1.542 |    0.974046691282
     1.543 |    0.982175367155
     1.544 |    0.976030281486
     1.545 |    0.988148435295
     1.546 |    0.984287177785
     1.547 |    0.986691374573
     1.548 |    0.988942585444
     1.549 |    0.989913966686
      1.55 |    0.989178574529
     1.551 |    0.987328271737
     1.552 |    0.983995319903
     1.553 |    0.990172102207
     1.554 |    0.988357463354
     1.555 |    0.989936240748
     1.556 |     0.99121048751
     1.557 |    0.990904851261
     1.558 |    0.991162737342
     1.559 |    0.989852825981
      1.56 |    0.990247879325
     1.561 |    0.989963491925
     1.562 |    0.987167046363
     1.563 |    0.989174082773
     1.564 |    0.987445669319
     1.565 |     0.99106402342
     1.566 |    0.988819225733
     1.567 |    0.988514408697
     1.568 |    0.984218877377
     1.569 |    0.972873668055
      1.57 |    0.959433447074
     1.571 |    0.928421853865
     1.572 |     0.92575241525
     1.573 |    0.926427903233
     1.574 |    0.940459716629
     1.575 |    0.975878375559
     1.576 |    0.969395749529
     1.577 |    0.938802002482
     1.578 |    0.946837054229
     1.579 |    0.947525348677
      1.58 |    0.950951292118
     1.581 |    0.955076143791
     1.582 |    0.972334497553
     1.583 |    0.979453901004
     1.584 |    0.983447615112
     1.585 |     0.98622998932
     1.586 |    0.986812881109
     1.587 |     0.98681026613
     1.588 |    0.990915046557
     1.589 |    0.991415225164
      1.59 |    0.989088712227
     1.591 |    0.991654690458
     1.592 |    0.987200922947
     1.593 |    0.991146408068
     1.594 |    0.988843150948
     1.595 |    0.990004170444
     1.596 |    0.989187542117
     1.597 |    0.985703136213
     1.598 |    0.986355874843
     1.599 |    0.977707644611
       1.6 |    0.958184400524
     1.601 |     0.94414351183
     1.602 |    0.927385876348
     1.603 |    0.925357273529
     1.604 |     0.93397303032
     1.605 |    0.966069904379
     1.606 |    0.976440312178
     1.607 |    0.954944455577
     1.608 |    0.946849045085
     1.609 |    0.946392915667
      1.61 |    0.946599495167
     1.611 |    0.952682917391
     1.612 |    0.964743325181
     1.613 |    0.970187036808
     1.614 |    0.979446330912
     1.615 |    0.983157043769
     1.616 |     0.98558236316
     1.617 |    0.985133166015
     1.618 |    0.989098986621
     1.619 |    0.986722059884
      1.62 |    0.990843189788
     1.621 |     0.99042363578
     1.622 |    0.990802908377
     1.623 |    0.991538651324
     1.624 |    0.990413970523
     1.625 |     0.99065355347
     1.626 |    0.990174276947
     1.627 |    0.990541171464
     1.628 |    0.989500435566
     1.629 |    0.989979441287
      1.63 |    0.989669861642
     1.631 |    0.987324931556
     1.632 |    0.987635486591
     1.633 |    0.983827049203
     1.634 |    0.989292093953
     1.635 |     0.97965426257
     1.636 |     0.99032764655
     1.637 |    0.989167669995
     1.638 |    0.974384981441
     1.639 |    0.986444779282
      1.64 |    0.961763717951
     1.641 |    0.986711009519
     1.642 |    0.982099783195
     1.643 |    0.961749113305
     1.644 |    0.984858060151
     1.645 |    0.983822799345
     1.646 |    0.957193128929
     1.647 |    0.988179217167
     1.648 |    0.960248020505
     1.649 |    0.981527144331
      1.65 |    0.983027905979
     1.651 |     0.95995419632
     1.652 |    0.978388930556
     1.653 |    0.985243576702
     1.654 |    0.966071508445
     1.655 |    0.986376766626
     1.656 |    0.983959683521
     1.657 |    0.975909474216
     1.658 |    0.988660859046
     1.659 |    0.985728173699
      1.66 |    0.989808876252
     1.661 |     0.98428176354
     1.662 |    0.978427867147
     1.663 |    0.986139179953
     1.664 |    0.989471409502
     1.665 |    0.966208473493
     1.666 |    0.900997238384
     1.667 |    0.970543112802
     1.668 |    0.987657983561
     1.669 |    0.982287481266
      1.67 |     0.99055452721
     1.671 |    0.983122015886
     1.672 |    0.989066504527
     1.673 |    0.990326269664
     1.674 |    0.977880343028
     1.675 |    0.986079214257
     1.676 |    0.987813464112
     1.677 |    0.984860366572
     1.678 |    0.969141658083
     1.679 |    0.991577793619
      1.68 |    0.988765855213
     1.681 |    0.979870060822
     1.682 |    0.990275328388
     1.683 |    0.990530355094
     1.684 |    0.960002543971
     1.685 |    0.991218431876
     1.686 |     0.99047491797
     1.687 |    0.972935875483
     1.688 |    0.990531685627
     1.689 |    0.986132319452
      1.69 |    0.988332480829
     1.691 |    0.940545554164
     1.692 |    0.968849018561
     1.693 |     0.99137216476
     1.694 |    0.975708165746
     1.695 |    0.988684216586
     1.696 |    0.991989052358
     1.697 |    0.911927932065
     1.698 |    0.990142048606
     1.699 |    0.990148355424
       1.7 |    0.969894485931
     1.701 |    0.950677052076
     1.702 |    0.988200929474
     1.703 |    0.981064505978
     1.704 |    0.972984850274
     1.705 |     0.97859760204
     1.706 |    0.971486264813
     1.707 |    0.964638417812
     1.708 |    0.957624779839
     1.709 |     0.88899794756
      1.71 |    0.985557618436
     1.711 |     0.97102802823
     1.712 |    0.986730832093
     1.713 |    0.982529393126
     1.714 |    0.909579755491
     1.715 |    0.956397684948
     1.716 |    0.932739038467
     1.717 |    0.987353951154
     1.718 |    0.988713421937
     1.719 |    0.990099006035
      1.72 |     0.98330477837
     1.721 |    0.842667028288
     1.722 |    0.973806341665
     1.723 |    0.972833806921
     1.724 |    0.860696424289
     1.725 |     0.90172291999
     1.726 |    0.951567624418
     1.727 |    0.979260830583
     1.728 |    0.975794803235
     1.729 |    0.912828042608
      1.73 |    0.987061206053
     1.731 |    0.981552517713
     1.732 |    0.758990878134
     1.733 |    0.974797462807
     1.734 |    0.981886692504
     1.735 |    0.981768926174
     1.736 |    0.847916232556
     1.737 |    0.865084160191
     1.738 |    0.973821657359
     1.739 |    0.981230670286
      1.74 |     0.89540370715
     1.741 |     0.84260192953
     1.742 |    0.915904147573
     1.743 |    0.980958516853
     1.744 |    0.883208980554
     1.745 |    0.960088410184
     1.746 |    0.968543965579
     1.747 |    0.593228526693
     1.748 |    0.938989191324
     1.749 |    0.975382207577
      1.75 |    0.979490563546
     1.751 |    0.926899183262
     1.752 |    0.857755600798
     1.753 |    0.964142174826
     1.754 |    0.980436041703
     1.755 |    0.798083027642
     1.756 |    0.955240920776
     1.757 |    0.718028294053
     1.758 |    0.918196282895
     1.759 |    0.982958998291
      1.76 |    0.977719310062
     1.761 |    0.840950825578
     1.762 |     0.90691870842
     1.763 |     0.80316231514
     1.764 |    0.969960222311
     1.765 |      0.9354324726
     1.766 |    0.482456095799
     1.767 |    0.930287063653
     1.768 |    0.904986249609
     1.769 |    0.916293972805
      1.77 |    0.833319548074
     1.771 |    0.794061936847
     1.772 |    0.963219547694
     1.773 |    0.910198887628
     1.774 |    0.661595866285
     1.775 |    0.880663015803
     1.776 |    0.617999474364
     1.777 |    0.859727472487
     1.778 |    0.793050316607
     1.779 |    0.550961981842
      1.78 |    0.900458544478
     1.781 |    0.574279607017
     1.782 |    0.816555221745
     1.783 |    0.869238659561
     1.784 |    0.745564475778
     1.785 |    0.434348781142
     1.786 |    0.552769188948
     1.787 |    0.611404896662
     1.788 |    0.869901305006
     1.789 |    0.808610446583
      1.79 |    0.815044861776
     1.791 |    0.496359402682
     1.792 |    0.591704050687
     1.793 |    0.546358176488
     1.794 |    0.406679873559
     1.795 |     0.54309971647
     1.796 |     0.58751627965
     1.797 |    0.527985794482
     1.798 |    0.582854536472
     1.799 |    0.841205116362
       1.8 |    0.164991361087
     1.801 |    0.120209378602
     1.802 |    0.159809011958
     1.803 |    0.321907122737
     1.804 |    0.380220201022
     1.805 |    0.604422959287
     1.806 |   0.0427624293912
     1.807 |    0.204569074357
     1.808 |    0.426124198607
     1.809 |    0.315872661255
      1.81 |    0.374608250062
     1.811 |   0.0404975811941
     1.812 |    0.181977879506
     1.813 |   0.0767690617495
     1.814 |    0.394574433399
     1.815 |     0.16534990458
     1.816 |   0.0208804415537
     1.817 |    0.143159614151
     1.818 |    0.268450779607
     1.819 |    0.129907524842
      1.82 |   0.0262258656198
     1.821 |  0.00477155623714
     1.822 |  0.00141289070103
     1.823 |    0.127293053036
     1.824 |    0.392277924322
     1.825 |    0.135526397394
     1.826 |   0.0149279793975
     1.827 |   0.0433912604182
     1.828 |   0.0307646200166
     1.829 |  0.00411871487795
      1.83 |  0.00854345976492
     1.831 |   0.0026220410205
     1.832 |    0.015663708867
     1.833 |   0.0047572470382
     1.834 |   0.0347744243504
     1.835 | 8.75912757888e-05
     1.836 | 8.91460989872e-05
     1.837 | 0.000141781711828
     1.838 | 6.15152719134e-06
     1.839 |  0.00345211905709
      1.84 | 5.77768224986e-07
     1.841 | 0.000565994899099
     1.842 | 8.02720264016e-13
     1.843 |  0.00542281802137
     1.844 |   0.0126963361113
     1.845 |   0.0638926956815
     1.846 |  0.00813874283347
     1.847 | 6.18281545407e-11
     1.848 | 4.54321294139e-09
     1.849 | 9.49687330454e-05
      1.85 |  0.00449272560907
     1.851 |   0.0090692291656
     1.852 |   0.0354059523125
     1.853 |  0.00030473115497
     1.854 | 2.70526028787e-07
     1.855 |  0.00518583937307
     1.856 |  0.00656994456354
     1.857 | 8.30209462969e-07
     1.858 |   0.0117049766967
     1.859 |  0.00404738895773
      1.86 | 1.46358743859e-09
     1.861 |  0.00100242021328
     1.862 |   0.0590310962658
     1.863 |    0.011580812142
     1.864 |  0.00811460363758
     1.865 |  0.00129447678203
     1.866 |   0.0576804774497
     1.867 |  0.00589058843713
     1.868 |  8.3756343886e-09
     1.869 | 0.000114611291298
      1.87 | 1.27384041941e-07
     1.871 | 2.47053719967e-08
     1.872 | 0.000107404482454
     1.873 | 2.17843846226e-06
     1.874 |  1.4617890482e-05
     1.875 | 0.000125575832942
     1.876 | 0.000197366080023
     1.877 | 3.33777584606e-06
     1.878 |  0.00215181086468
     1.879 |   0.0444836298368
      1.88 |   0.0672579359265
     1.881 |  0.00112773251617
     1.882 |   0.0668688568699
     1.883 |   0.0533526282606
     1.884 | 0.000643370084517
     1.885 |   0.0163311648505
     1.886 |   0.0381756926062
     1.887 |  0.00986725513972
     1.888 |     0.14206107306
     1.889 |   0.0785905623246
      1.89 | 0.000829326329376
     1.891 |   0.0113342851943
     1.892 | 0.000982115943309
     1.893 |  0.00412992065493
     1.894 |  0.00749947275886
     1.895 |   0.0996040935729
     1.896 |   0.0849598201028
     1.897 |   0.0524775348608
     1.898 |  0.00103042551556
     1.899 | 0.000254671316219
       1.9 | 4.82186705661e-08
     1.901 |  0.00301133417896
     1.902 |   0.0129764376081
     1.903 | 2.72794945032e-06
     1.904 |  0.00926238098306
     1.905 | 1.69225135797e-05
     1.906 | 3.59248601018e-06
     1.907 | 0.000426948542511
     1.908 |   0.0533899219449
     1.909 |   0.0302168238691
      1.91 |   0.0365026657831
     1.911 |  0.00260699513553
     1.912 |  0.00264667161062
     1.913 |  0.00126050204139
     1.914 | 2.43039652398e-06
     1.915 |   0.0166852393319
     1.916 |   0.0215378424616
     1.917 |    0.018019610736
     1.918 |    0.221154525759
     1.919 |   0.0896377469475
      1.92 | 1.51310617926e-06
     1.921 | 0.000490824714885
     1.922 |   0.0918474835703
     1.923 |    0.194907246174
     1.924 |   0.0127440198534
     1.925 |    0.160331964342
     1.926 |     0.22044321927
     1.927 |   0.0192511152394
     1.928 |   0.0395862806177
     1.929 |   0.0646584469574
      1.93 |   0.0983942441849
     1.931 |   0.0145344243673
     1.932 |    0.139925542201
     1.933 |     0.19623446921
     1.934 |   0.0611328226326
     1.935 |    0.398362528191
     1.936 |    0.141395641142
     1.937 |    0.118226883495
     1.938 |    0.105295414879
     1.939 |   0.0866352057728
      1.94 |    0.122016890583
     1.941 |    0.127432147663
     1.942 |    0.320759458405
     1.943 |    0.536537520768
     1.944 |    0.135790090397
     1.945 |   0.0872207682506
     1.946 |    0.307824620081
     1.947 |     0.33612410148
     1.948 |    0.202976943826
     1.949 |    0.215306496558
      1.95 |    0.375395065546
     1.951 |    0.405967371587
     1.952 |    0.480640173141
     1.953 |    0.241616665385
     1.954 |    0.270645772444
     1.955 |    0.283350876421
     1.956 |    0.175048194247
     1.957 |    0.213005687635
     1.958 |    0.189079570442
     1.959 |     0.17499225179
      1.96 |    0.539853990906
     1.961 |    0.374340167475
     1.962 |    0.505909710484
     1.963 |    0.233036714983
     1.964 |    0.327303866349
     1.965 |    0.430815077492
     1.966 |    0.567466853408
     1.967 |    0.578404740045
     1.968 |    0.548245295042
     1.969 |    0.602175111313
      1.97 |    0.780615951477
     1.971 |    0.587136582021
     1.972 |    0.370632981383
     1.973 |    0.789962539391
     1.974 |    0.538901623483
     1.975 |     0.79241898206
     1.976 |     0.68577544652
     1.977 |    0.900519038739
     1.978 |    0.805925534425
     1.979 |    0.854050113288
      1.98 |    0.335634418497
     1.981 |    0.768759196004
     1.982 |    0.885301366605
     1.983 |    0.756680939926
     1.984 |    0.936759572436
     1.985 |    0.809249496129
     1.986 |    0.947981795015
     1.987 |    0.530385478341
     1.988 |    0.881568265546
     1.989 |    0.937259584771
      1.99 |    0.578442755525
     1.991 |     0.80060099897
     1.992 |    0.922188069565
     1.993 |    0.948861575364
     1.994 |    0.779945284631
     1.995 |    0.872044426072
     1.996 |    0.757269096447
     1.997 |    0.679354054191
     1.998 |    0.516651258437
     1.999 |    0.521007882233
       2.0 |    0.520917672326
     2.001 |    0.366536236555
     2.002 |    0.293964471493
     2.003 |    0.239455973111
     2.004 |    0.302558819579
     2.005 |    0.267992075531
     2.006 |    0.224150492767
     2.007 |    0.358325421931
     2.008 |    0.537259081178
     2.009 |    0.627306781356
      2.01 |    0.460390570197
     2.011 |    0.432454836319
     2.012 |    0.398836099929
     2.013 |    0.434303882986
     2.014 |    0.334589086738
     2.015 |    0.495803063531
     2.016 |    0.448218185033
     2.017 |    0.307161050385
     2.018 |    0.524574185797
     2.019 |    0.535568476912
      2.02 |    0.553355578569
     2.021 |    0.519272931895
     2.022 |    0.695626396035
     2.023 |    0.700820757246
     2.024 |    0.752197146917
     2.025 |    0.771065354924
     2.026 |    0.849769530153
     2.027 |    0.866511353433
     2.028 |    0.758532265714
     2.029 |    0.811962305397
      2.03 |    0.908734262249
     2.031 |     0.89357878164
     2.032 |    0.937119112303
     2.033 |    0.851001106867
     2.034 |    0.942667425951
     2.035 |    0.947882840841
     2.036 |    0.948799350111
     2.037 |    0.952590536637
     2.038 |    0.920345171823
     2.039 |    0.941976831663
      2.04 |    0.825218588034
     2.041 |    0.917511785131
     2.042 |    0.927411086555
     2.043 |     0.90843431329
     2.044 |    0.868310656538
     2.045 |    0.921694612996
     2.046 |    0.933139814269
     2.047 |    0.897833565418
     2.048 |    0.859576282624
     2.049 |    0.803043642322
      2.05 |     0.75412831266
     2.051 |    0.771534427482
     2.052 |    0.703086305345
     2.053 |      0.6639170935
     2.054 |    0.612895815858
     2.055 |    0.729404493059
     2.056 |    0.637315562001
     2.057 |     0.61523564284
     2.058 |    0.763754795145
     2.059 |     0.73221640028
      2.06 |    0.883020564638
     2.061 |    0.840911487654
     2.062 |     0.72181580308
     2.063 |     0.76927592893
     2.064 |    0.665784937056
     2.065 |    0.770772208108
     2.066 |     0.73179183939
     2.067 |    0.680815085603
     2.068 |    0.795461261329
     2.069 |    0.769762995073
      2.07 |    0.708279768818
     2.071 |    0.813991724506
     2.072 |    0.829473297282
     2.073 |    0.776406371263
     2.074 |    0.859018600046
     2.075 |    0.870531997952
     2.076 |    0.878044046253
     2.077 |     0.89031454405
     2.078 |    0.830619507086
     2.079 |    0.953246980343
      2.08 |    0.962666801266
     2.081 |    0.954831205139
     2.082 |    0.932684771812
     2.083 |    0.925748964948
     2.084 |    0.943710478424
     2.085 |    0.879366407861
     2.086 |    0.926428731773
     2.087 |    0.958642856351
     2.088 |    0.948227355477
     2.089 |    0.943537502044
      2.09 |     0.93949798967
     2.091 |     0.96672097854
     2.092 |    0.957893261595
     2.093 |    0.962077724769
     2.094 |    0.914876312737
     2.095 |    0.975357166631
     2.096 |    0.979664756678
     2.097 |    0.975254727323
     2.098 |    0.970990888753
     2.099 |    0.891411407607
       2.1 |    0.955237636937
     2.101 |    0.980957605175
     2.102 |    0.890569346096
     2.103 |    0.987549073224
     2.104 |      0.9851491047
     2.105 |    0.973480089282
     2.106 |    0.984871535018
     2.107 |    0.980263325324
     2.108 |    0.983003726901
     2.109 |    0.984476785386
      2.11 |    0.959757195381
     2.111 |    0.984447779999
     2.112 |    0.938439340261
     2.113 |    0.971530109163
     2.114 |    0.989838198393
     2.115 |    0.983545332593
     2.116 |    0.971516916793
     2.117 |    0.987549992054
     2.118 |    0.974147238324
     2.119 |    0.917920887799
      2.12 |       0.946713105
     2.121 |    0.983796037731
     2.122 |    0.990362808971
     2.123 |    0.991512611714
     2.124 |      0.9569637739
     2.125 |    0.962871527499
     2.126 |    0.992452769099
     2.127 |    0.989260776283
     2.128 |    0.909886625668
     2.129 |    0.992745526288
      2.13 |    0.993638796539
     2.131 |    0.992474115634
     2.132 |    0.993344625377
     2.133 |    0.992624390774
     2.134 |    0.993921942214
     2.135 |    0.994095806789
     2.136 |    0.965813852082
     2.137 |    0.992492226712
     2.138 |    0.992334463563
     2.139 |    0.990621057815
      2.14 |    0.990382566684
     2.141 |    0.993903380401
     2.142 |    0.992457440021
     2.143 |    0.991536708273
     2.144 |     0.99335652853
     2.145 |    0.990314719883
     2.146 |    0.990416138437
     2.147 |    0.990325710089
     2.148 |    0.982889987463
     2.149 |    0.986913260702
      2.15 |    0.974924434335
     2.151 |    0.938948949347
     2.152 |    0.939375824564
     2.153 |    0.951626899539
     2.154 |    0.957105328024
     2.155 |    0.977974796671
     2.156 |    0.981317697066
     2.157 |    0.990866258989
     2.158 |    0.982220949321
     2.159 |    0.954097910429
      2.16 |    0.972230221913
     2.161 |     0.96712343019
     2.162 |    0.987068944325
     2.163 |    0.900093428865
     2.164 |    0.933638525383
     2.165 |    0.989810195229
     2.166 |    0.982959053389
     2.167 |    0.969934385042
     2.168 |    0.985397571581
     2.169 |    0.915433617964
      2.17 |    0.987251149111
     2.171 |    0.992401065169
     2.172 |    0.990924554635
     2.173 |    0.962422922306
     2.174 |    0.960852777487
     2.175 |    0.949396046466
     2.176 |    0.939517615143
     2.177 |    0.991677661809
     2.178 |    0.979014940662
     2.179 |    0.939208953182
      2.18 |    0.986224953379
     2.181 |    0.992545546801
     2.182 |    0.993365342192
     2.183 |    0.880135016627
     2.184 |    0.968716308288
     2.185 |     0.84495583478
     2.186 |    0.990064622746
     2.187 |    0.963257616876
     2.188 |    0.927002412527
     2.189 |    0.991007290604
      2.19 |    0.973640533718
     2.191 |    0.962006532934
     2.192 |     0.99395549196
     2.193 |    0.993392151866
     2.194 |    0.990887637475
     2.195 |    0.899981904366
     2.196 |    0.984832828333
     2.197 |     0.96324562261
     2.198 |    0.874298708148
     2.199 |    0.941649811617
       2.2 |    0.882272878425
     2.201 |    0.943876401378
     2.202 |    0.944726422492
     2.203 |    0.963612124607
     2.204 |    0.951699977245
     2.205 |    0.889610604409
     2.206 |    0.986019239534
     2.207 |    0.954845187512
     2.208 |    0.976245003465
     2.209 |    0.989387928118
      2.21 |    0.977628366359
     2.211 |    0.983202117564
     2.212 |    0.993041156248
     2.213 |    0.991397754275
     2.214 |    0.988420661613
     2.215 |    0.959165684925
     2.216 |     0.92397264209
     2.217 |    0.973776202675
     2.218 |    0.982984478873
     2.219 |    0.988790719488
      2.22 |    0.983737974326
     2.221 |    0.972919240467
     2.222 |    0.968864847168
     2.223 |    0.981447039788
     2.224 |    0.984888548475
     2.225 |    0.960843472687
     2.226 |    0.977867128625
     2.227 |    0.953659713004
     2.228 |    0.982106699587
     2.229 |    0.988720960747
      2.23 |    0.988801883405
     2.231 |    0.980931769828
     2.232 |    0.942554983418
     2.233 |     0.98063533411
     2.234 |     0.97123517246
     2.235 |     0.98119665079
     2.236 |     0.95873849947
     2.237 |    0.966203427456
     2.238 |    0.964932390793
     2.239 |    0.987561019462
      2.24 |    0.966885271181
     2.241 |    0.968859038075
     2.242 |    0.971980948881
     2.243 |    0.978385681692
     2.244 |    0.937363180531
     2.245 |    0.988829178848
     2.246 |    0.956995025507
     2.247 |    0.916813561718
     2.248 |    0.979464959468
     2.249 |    0.980747645546
      2.25 |    0.966997756239
     2.251 |     0.96197982585
     2.252 |    0.967478941082
     2.253 |    0.970683523706
     2.254 |    0.934317286116
     2.255 |    0.965892304516
     2.256 |    0.951659640866
     2.257 |    0.924645107441
     2.258 |    0.956115259697
     2.259 |    0.980183283504
      2.26 |    0.959996604942
     2.261 |     0.93209268254
     2.262 |    0.891413661512
     2.263 |    0.983077501873
     2.264 |    0.934415348565
     2.265 |    0.924155842454
     2.266 |    0.983464179038
     2.267 |    0.972404137426
     2.268 |    0.933556838959
     2.269 |    0.882758229133
      2.27 |     0.93659673369
     2.271 |    0.983221441945
     2.272 |    0.928878067513
     2.273 |     0.96310155668
     2.274 |    0.970306052403
     2.275 |    0.922485147328
     2.276 |    0.883143304946
     2.277 |    0.921896774234
     2.278 |     0.97084623658
     2.279 |    0.981536623633
      2.28 |    0.980369184173
     2.281 |    0.916821503857
     2.282 |    0.968766190597
     2.283 |    0.864289278671
     2.284 |    0.915905769645
     2.285 |    0.931169006436
     2.286 |    0.979772729223
     2.287 |    0.966261930726
     2.288 |    0.960015377669
     2.289 |    0.943463153745
      2.29 |    0.870447028761
     2.291 |    0.944709851377
     2.292 |    0.908867779689
     2.293 |    0.955577060865
     2.294 |    0.934075603692
     2.295 |    0.892237026698
     2.296 |    0.855306147192
     2.297 |    0.961217656261
     2.298 |    0.914613097861
     2.299 |    0.887817737559
       2.3 |    0.914520380091
     2.301 |    0.915147234778
     2.302 |    0.948967860728
     2.303 |    0.938020473698
     2.304 |     0.86955147167
     2.305 |    0.928608046107
     2.306 |    0.945124452614
     2.307 |    0.936891380778
     2.308 |    0.920437011688
     2.309 |    0.957293598723
      2.31 |    0.958731300474
     2.311 |    0.988539675516
     2.312 |    0.957991182937
     2.313 |    0.992201297657
     2.314 |    0.991280657182
     2.315 |     0.98127140108
     2.316 |    0.903545959075
     2.317 |    0.707403337911
     2.318 |    0.797820675968
     2.319 |    0.903420038389
      2.32 |    0.908869483239
     2.321 |    0.931859552906
     2.322 |    0.847364636916
     2.323 |     0.81099626355
     2.324 |    0.940777022845
     2.325 |    0.951479329384
     2.326 |    0.943897741506
     2.327 |    0.972321893283
     2.328 |    0.948237566029
     2.329 |    0.894583960111
      2.33 |    0.974654401152
     2.331 |    0.927667973459
     2.332 |    0.901018971465
     2.333 |    0.960370337958
     2.334 |    0.935538445456
     2.335 |    0.905051315599
     2.336 |    0.932489332304
     2.337 |    0.960530107255
     2.338 |    0.923418084593
     2.339 |    0.874162364991
      2.34 |    0.765526901715
     2.341 |    0.834956359544
     2.342 |    0.828123391545
     2.343 |    0.925068187767
     2.344 |    0.927628309785
     2.345 |    0.825143964127
     2.346 |    0.912788830859
     2.347 |     0.87928690937
     2.348 |    0.805864709114
     2.349 |    0.911579468746
      2.35 |    0.776605825218
     2.351 |    0.828538045306
     2.352 |     0.60018425875
     2.353 |    0.777531317959
     2.354 |    0.912080619247
     2.355 |     0.92047811181
     2.356 |     0.81236379826
     2.357 |    0.879809348087
     2.358 |    0.871133132956
     2.359 |    0.775466909846
      2.36 |    0.968624279945
     2.361 |     0.96839459449
     2.362 |    0.888838209567
     2.363 |    0.935716692575
     2.364 |    0.795161587981
     2.365 |    0.934430414032
     2.366 |     0.93542424445
     2.367 |    0.809914280242
     2.368 |    0.855727135482
     2.369 |    0.788504411053
      2.37 |    0.761167096897
     2.371 |    0.454682686499
     2.372 |    0.706194854515
     2.373 |    0.849785355602
     2.374 |    0.902629159004
     2.375 |    0.909013991467
     2.376 |    0.841673872067
     2.377 |    0.723385392133
     2.378 |    0.601197852048
     2.379 |    0.907371601334
      2.38 |    0.795165120389
     2.381 |    0.864134789809
     2.382 |    0.929980216386
     2.383 |    0.655653191732
     2.384 |    0.549822503375
     2.385 |    0.887496694355
     2.386 |      0.6457614508
     2.387 |    0.870950951247
     2.388 |    0.631531946676
     2.389 |    0.921885679939
      2.39 |    0.885092237023
     2.391 |     0.68388218617
     2.392 |    0.715424194315
     2.393 |    0.899499225707
     2.394 |    0.849740046875
     2.395 |    0.899040944741
     2.396 |    0.891912588936
     2.397 |    0.505587896754
     2.398 |    0.900690233201
     2.399 |    0.918013255563
       2.4 |    0.773438626228
     2.401 |    0.913459554631
     2.402 |    0.885339041991
     2.403 |    0.925660090132
     2.404 |    0.559784036515
     2.405 |    0.870158540722
     2.406 |    0.800632978026
     2.407 |    0.582035732628
     2.408 |    0.677933544579
     2.409 |    0.920012547594
      2.41 |    0.558684727907
     2.411 |    0.921469324465
     2.412 |    0.634161733381
     2.413 |    0.920855177747
     2.414 |    0.504583382556
     2.415 |    0.795134229213
     2.416 |    0.218673674702
     2.417 |    0.818415902536
     2.418 |    0.686578863171
     2.419 |    0.127510081253
      2.42 |    0.695250275145
     2.421 |    0.896623428526
     2.422 |    0.769909988033
     2.423 |    0.902808889619
     2.424 |    0.574202863936
     2.425 |    0.809555173976
     2.426 |     0.63436138218
     2.427 |    0.846220200711
     2.428 |    0.920084217972
     2.429 |    0.903248929395
      2.43 |    0.890967915352
     2.431 |    0.919972557352
     2.432 |     0.91715789236
     2.433 |    0.563101480082
     2.434 |    0.758945413044
     2.435 |    0.217727710928
     2.436 |    0.082671051559
     2.437 |    0.568682998625
     2.438 |    0.871548434763
     2.439 |    0.911501652545
      2.44 |    0.916833660992
     2.441 |    0.923131824954
     2.442 |    0.905358332223
     2.443 |     0.62946807965
     2.444 |    0.867272172389
     2.445 |     0.76923575858
     2.446 |    0.159513854257
     2.447 |    0.334665428574
     2.448 |    0.497326993617
     2.449 |    0.827574874038
      2.45 |    0.354634408806
     2.451 |    0.162290578239
     2.452 |    0.480716304271
     2.453 |    0.784782440246
     2.454 |    0.456562885313
     2.455 |    0.445029304879
     2.456 |    0.864489531334
     2.457 |    0.838035864955
     2.458 |    0.895812733315
     2.459 |    0.836026298836
      2.46 |    0.866092806676
     2.461 |    0.828218910993
     2.462 |    0.602818221307
     2.463 |    0.195309701834
     2.464 |    0.603114591526
     2.465 |     0.79985459051
     2.466 |    0.800971360703
     2.467 |    0.821027949129
     2.468 |    0.470923002623
     2.469 |    0.696680593461
      2.47 |    0.763738181077
     2.471 |     0.62554450256
     2.472 |   0.0874099203478
     2.473 |   0.0746105959234
     2.474 |    0.649578265905
     2.475 |    0.616864276502
     2.476 |    0.694492733929
     2.477 |    0.661185606213
     2.478 |    0.656872270191
     2.479 |    0.499350418413
      2.48 |    0.311150153301
     2.481 |    0.164719333115
     2.482 |    0.377700945842
     2.483 |    0.460170813635
     2.484 |   0.0790769227617
     2.485 |    0.326428376302
     2.486 |    0.539906944136
     2.487 |    0.226354089677
     2.488 |   0.0144608221167
     2.489 |    0.246380951766
      2.49 |    0.368546236462
     2.491 |    0.354741757347
     2.492 |    0.144178233592
     2.493 |    0.243368167392
     2.494 |    0.184386288058
     2.495 |   0.0071932177034
     2.496 |    0.377386678245
     2.497 |    0.379178507994
     2.498 |    0.377314105895
     2.499 |    0.499470585016
       2.5 |    0.519670448408
