wavelength,irradiance 
115.50,1.8253e-05
116.50,2.3362e-05
117.50,7.7704e-05
118.50,3.0802e-05
119.50,5.0516e-05
120.50,0.00014207
121.50,0.0062050
122.50,6.3193e-05
123.50,4.0911e-05
124.50,2.9693e-05
125.50,2.6641e-05
126.50,3.5580e-05
127.50,1.9167e-05
128.50,1.5424e-05
129.50,1.7497e-05
130.50,0.00015227
131.50,2.4367e-05
132.50,1.9482e-05
133.50,0.00017639
134.50,1.8112e-05
135.50,4.1051e-05
136.50,2.5915e-05
137.50,2.7773e-05
138.50,2.7311e-05
139.50,7.0488e-05
140.50,6.1621e-05
141.50,3.8265e-05
142.50,4.1241e-05
143.50,4.7825e-05
144.50,4.6337e-05
145.50,4.9075e-05
146.50,6.1073e-05
147.50,7.6402e-05
148.50,7.8812e-05
149.50,7.1755e-05
150.50,7.9564e-05
151.50,8.6463e-05
152.50,0.00010688
153.50,0.00011935
154.50,0.00020066
155.50,0.00017910
156.50,0.00018029
157.50,0.00015809
158.50,0.00015759
159.50,0.00015697
160.50,0.00017544
161.50,0.00020624
162.50,0.00023814
163.50,0.00025521
164.50,0.00029253
165.50,0.00047033
166.50,0.00032276
167.50,0.00037829
168.50,0.00041831
169.50,0.00054880
170.50,0.00063096
171.50,0.00063037
172.50,0.00069130
173.50,0.00069509
174.50,0.00084965
175.50,0.0010417
176.50,0.0011234
177.50,0.0013502
178.50,0.0015078
179.50,0.0014958
180.50,0.0019954
181.50,0.0023535
182.50,0.0022800
183.50,0.0024284
184.50,0.0020966
185.50,0.0023935
186.50,0.0027531
187.50,0.0030904
188.50,0.0033069
189.50,0.0036357
190.50,0.0038675
191.50,0.0041088
192.50,0.0044371
193.50,0.0034716
194.50,0.0056108
195.50,0.0054989
196.50,0.0061557
197.50,0.0062072
198.50,0.0062463
199.50,0.0067775
200.50,0.0073203
201.50,0.0080663
202.50,0.0079466
203.50,0.0091571
204.50,0.010176
205.50,0.010440
206.50,0.010804
207.50,0.012561
208.50,0.014513
209.50,0.020990
210.50,0.027326
211.50,0.033234
212.50,0.031619
213.50,0.028636
214.50,0.040832
215.50,0.033570
216.50,0.032434
217.50,0.031519
218.50,0.044731
219.50,0.047064
220.50,0.046584
221.50,0.033134
222.50,0.048527
223.50,0.061654
224.50,0.056506
225.50,0.049834
226.50,0.035090
227.50,0.035513
228.50,0.050688
229.50,0.042980
230.50,0.052187
231.50,0.044745
232.50,0.047864
233.50,0.039896
234.50,0.032199
235.50,0.051384
236.50,0.039582
237.50,0.047760
238.50,0.032668
239.50,0.040290
240.50,0.037168
241.50,0.043649
242.50,0.065860
243.50,0.060578
244.50,0.058503
245.50,0.046921
246.50,0.047523
247.50,0.055058
248.50,0.042587
249.50,0.054757
250.50,0.057679
251.50,0.044575
252.50,0.039431
253.50,0.050654
254.50,0.055901
255.50,0.078835
256.50,0.094206
257.50,0.11688
258.50,0.12367
259.50,0.10323
260.50,0.083950
261.50,0.082030
262.50,0.10418
263.50,0.15287
264.50,0.23736
265.50,0.24666
266.50,0.24058
267.50,0.24073
268.50,0.24079
269.50,0.21568
270.50,0.27180
271.50,0.22573
272.50,0.17792
273.50,0.20413
274.50,0.12067
275.50,0.17212
276.50,0.23754
277.50,0.23539
278.50,0.15507
279.50,0.072870
280.50,0.084641
281.50,0.19866
282.50,0.27642
283.50,0.30732
284.50,0.23537
285.50,0.11864
286.50,0.31523
287.50,0.34323
288.50,0.28430
289.50,0.42436
290.50,0.56620
291.50,0.52707
292.50,0.46006
293.50,0.52153
294.50,0.47311
295.50,0.52980
296.50,0.47174
297.50,0.50593
298.50,0.37365
299.50,0.52411
300.50,0.34764
301.50,0.47551
302.50,0.46742
303.50,0.61558
304.50,0.58335
305.50,0.61449
306.50,0.56069
307.50,0.65177
308.50,0.66287
309.50,0.50344
310.25,0.54511
310.48,0.58958
310.71,0.63501
310.95,0.66346
311.18,0.68185
311.42,0.68490
311.65,0.67868
311.89,0.66152
312.12,0.64408
312.36,0.63866
312.60,0.63594
312.84,0.63897
313.08,0.65311
313.32,0.66025
313.56,0.65820
313.80,0.66131
314.04,0.66366
314.28,0.65258
314.53,0.64619
314.77,0.63992
315.02,0.62775
315.26,0.61442
315.51,0.59927
315.75,0.58833
316.00,0.58751
316.25,0.59870
316.50,0.62394
316.75,0.65007
317.00,0.67636
317.25,0.69801
317.50,0.70609
317.75,0.70076
318.01,0.68269
318.26,0.65705
318.51,0.64998
318.77,0.64956
319.02,0.65469
319.28,0.66609
319.54,0.68720
319.80,0.71448
320.06,0.72830
320.32,0.73363
320.58,0.73180
320.84,0.73041
321.10,0.71492
321.36,0.69620
321.62,0.68377
321.89,0.67650
322.15,0.66685
322.42,0.65660
322.69,0.64924
322.95,0.64615
323.22,0.64872
323.49,0.65659
323.76,0.66991
324.03,0.68808
324.30,0.71394
324.57,0.74435
324.85,0.77036
325.12,0.80229
325.39,0.83403
325.67,0.87330
325.94,0.89990
326.22,0.92130
326.50,0.93449
326.78,0.94050
327.06,0.93940
327.34,0.93226
327.62,0.92068
327.90,0.91217
328.18,0.91271
328.47,0.92104
328.75,0.93798
329.04,0.96234
329.32,0.98531
329.61,1.0012
329.90,1.0130
330.19,1.0085
330.48,0.99784
330.77,0.97886
331.06,0.96492
331.35,0.95429
331.64,0.94422
331.94,0.93819
332.23,0.93372
332.53,0.92812
332.83,0.91983
333.12,0.91727
333.42,0.91598
333.72,0.91481
334.02,0.91849
334.32,0.93230
334.63,0.93664
334.93,0.92810
335.23,0.92140
335.54,0.91059
335.85,0.87770
336.15,0.84832
336.46,0.83614
336.77,0.82789
337.08,0.82385
337.39,0.83493
337.71,0.85878
338.02,0.87508
338.33,0.88957
338.65,0.91341
338.96,0.93650
339.28,0.95248
339.60,0.96241
339.92,0.97600
340.24,0.97897
340.56,0.97702
340.88,0.96827
341.21,0.96115
341.53,0.96235
341.86,0.96292
342.18,0.97243
342.51,0.97336
342.84,0.96381
343.17,0.94631
343.50,0.92735
343.83,0.90233
344.17,0.87842
344.50,0.86679
344.84,0.87154
345.17,0.88321
345.51,0.90153
345.85,0.91561
346.19,0.92181
346.53,0.92884
346.88,0.92963
347.22,0.92861
347.56,0.91710
347.91,0.90906
348.26,0.90867
348.60,0.91099
348.95,0.91968
349.30,0.93066
349.66,0.94890
350.01,0.97014
350.36,0.99327
350.72,1.0030
351.08,0.99690
351.43,0.99068
351.79,0.98431
352.15,0.97859
352.52,0.97285
352.88,0.98783
353.24,1.0139
353.61,1.0403
353.98,1.0626
354.34,1.0810
354.71,1.0920
355.08,1.0814
355.46,1.0536
355.83,1.0227
356.20,0.98742
356.58,0.93863
356.96,0.88505
357.34,0.84712
357.72,0.82780
358.10,0.82212
358.48,0.83202
358.86,0.86381
359.25,0.90190
359.64,0.94210
360.03,0.96266
360.42,0.96911
360.81,0.96913
361.20,0.96917
361.59,0.96295
361.99,0.96290
362.39,0.97760
362.79,0.99782
363.19,1.0084
363.59,1.0199
363.99,1.0432
364.39,1.0689
364.80,1.0894
365.21,1.1180
365.62,1.1604
366.03,1.1888
366.44,1.2048
366.85,1.2084
367.27,1.2093
367.69,1.2017
368.10,1.1963
368.52,1.1926
368.95,1.1931
369.37,1.2031
369.79,1.2134
370.22,1.2064
370.65,1.1952
371.08,1.1847
371.51,1.1631
371.94,1.1244
372.38,1.0844
372.81,1.0490
373.25,1.0166
373.69,0.98885
374.13,0.97715
374.58,0.98267
375.02,0.99732
375.47,1.0304
375.92,1.0790
376.37,1.1296
376.82,1.1723
377.28,1.2158
377.73,1.2412
378.19,1.2505
378.65,1.2496
379.11,1.2375
379.57,1.2137
380.04,1.1840
380.51,1.1508
380.98,1.1063
381.45,1.0459
381.92,0.98159
382.39,0.92473
382.87,0.88438
383.35,0.86044
383.83,0.85988
384.31,0.88886
384.80,0.92805
385.28,0.95993
385.77,0.98272
386.26,0.99700
386.76,1.0064
387.25,1.0116
387.75,1.0249
388.25,1.0444
388.75,1.0787
389.25,1.1237
389.76,1.1691
390.26,1.2005
390.77,1.2000
391.29,1.1709
391.80,1.1205
392.32,1.0556
392.84,0.99648
393.36,0.96226
393.88,0.96069
394.40,0.97011
394.93,0.98834
395.46,1.0170
395.99,1.0441
396.53,1.0742
397.07,1.1149
397.61,1.1920
398.15,1.2907
398.69,1.3945
399.24,1.4997
399.79,1.5973
400.34,1.6681
400.89,1.7069
401.45,1.7336
402.01,1.7442
402.57,1.7458
403.13,1.7405
403.70,1.7279
404.27,1.7138
404.84,1.6952
405.41,1.6817
405.99,1.6756
406.57,1.6802
407.15,1.6833
407.74,1.6878
408.33,1.6975
408.92,1.7103
409.51,1.7200
410.11,1.7249
410.70,1.7354
411.31,1.7571
411.91,1.7708
412.52,1.7785
413.13,1.7869
413.74,1.7993
414.36,1.8015
414.98,1.7951
415.60,1.7890
416.22,1.7854
416.85,1.7771
417.48,1.7633
418.11,1.7564
418.75,1.7556
419.39,1.7540
420.04,1.7510
420.68,1.7527
421.33,1.7565
421.98,1.7507
422.64,1.7407
423.30,1.7330
423.96,1.7267
424.63,1.7155
425.30,1.7038
425.97,1.6920
426.65,1.6738
427.32,1.6368
428.01,1.5924
428.69,1.5627
429.38,1.5317
430.08,1.5179
430.77,1.5180
431.47,1.5506
432.18,1.5946
432.89,1.6421
433.60,1.6893
434.31,1.7313
435.03,1.7618
435.75,1.7777
436.48,1.7876
437.21,1.7868
437.94,1.7852
438.68,1.7915
439.42,1.8041
440.17,1.8240
440.92,1.8476
441.67,1.8805
442.43,1.9062
443.19,1.9246
443.96,1.9386
444.73,1.9503
445.50,1.9568
446.28,1.9669
447.06,1.9888
447.85,2.0156
448.64,2.0372
449.43,2.0527
450.23,2.0673
451.04,2.0717
451.85,2.0641
452.66,2.0541
453.48,2.0485
454.30,2.0485
455.13,2.0487
455.96,2.0523
456.80,2.0604
457.64,2.0681
458.48,2.0739
459.33,2.0786
460.19,2.0835
461.05,2.0860
461.92,2.0877
462.79,2.0839
463.66,2.0761
464.54,2.0658
465.43,2.0558
466.32,2.0432
467.22,2.0331
468.12,2.0310
469.03,2.0313
469.94,2.0341
470.86,2.0407
471.78,2.0500
472.71,2.0590
473.64,2.0683
474.58,2.0779
475.53,2.0867
476.48,2.0934
477.44,2.1002
478.40,2.1066
479.37,2.1084
480.34,2.1061
481.33,2.0886
482.31,2.0619
483.31,2.0284
484.30,1.9943
485.31,1.9632
486.32,1.9407
487.34,1.9333
488.37,1.9388
489.40,1.9512
490.43,1.9667
491.48,1.9812
492.53,1.9941
493.59,2.0008
494.65,2.0035
495.72,1.9999
496.80,1.9918
497.89,1.9825
498.98,1.9698
500.08,1.9594
501.19,1.9516
502.30,1.9494
503.42,1.9523
504.55,1.9581
505.69,1.9647
506.83,1.9689
507.99,1.9680
509.14,1.9627
510.31,1.9546
511.49,1.9352
512.67,1.9091
513.86,1.8829
515.06,1.8598
516.27,1.8397
517.49,1.8268
518.71,1.8304
519.94,1.8429
521.18,1.8540
522.43,1.8668
523.69,1.8819
524.96,1.8954
526.24,1.9004
527.52,1.9043
528.82,1.9140
530.12,1.9235
531.44,1.9267
532.76,1.9274
534.09,1.9268
535.43,1.9227
536.79,1.9142
538.15,1.9059
539.52,1.8996
540.90,1.8953
542.29,1.8938
543.69,1.8935
545.11,1.8947
546.53,1.8951
547.96,1.8963
549.41,1.8957
550.86,1.8922
552.33,1.8861
553.80,1.8798
555.29,1.8726
556.79,1.8647
558.30,1.8566
559.82,1.8518
561.36,1.8496
562.90,1.8468
564.46,1.8457
566.03,1.8469
567.61,1.8484
569.21,1.8490
570.81,1.8495
572.43,1.8503
574.06,1.8516
575.71,1.8512
577.37,1.8489
579.04,1.8462
580.72,1.8396
582.42,1.8309
584.13,1.8215
585.86,1.8116
587.59,1.8024
589.35,1.7944
591.11,1.7901
592.90,1.7865
594.69,1.7835
596.50,1.7801
598.33,1.7764
600.17,1.7709
602.03,1.7633
603.90,1.7556
605.78,1.7460
607.69,1.7338
609.60,1.7220
611.54,1.7109
613.49,1.7000
615.46,1.6893
617.44,1.6821
619.44,1.6776
621.46,1.6720
623.49,1.6657
625.54,1.6602
627.61,1.6553
629.70,1.6484
631.81,1.6405
633.93,1.6337
636.07,1.6273
638.23,1.6191
640.41,1.6106
642.61,1.6027
644.82,1.5902
647.06,1.5764
649.31,1.5635
651.59,1.5515
653.88,1.5402
656.20,1.5315
658.53,1.5285
660.89,1.5284
663.27,1.5277
665.66,1.5260
668.08,1.5241
670.52,1.5197
672.99,1.5116
675.47,1.5031
677.98,1.4946
680.50,1.4856
683.06,1.4765
685.63,1.4671
688.23,1.4574
690.85,1.4473
693.49,1.4372
696.16,1.4275
698.85,1.4176
701.56,1.4078
704.30,1.3982
707.07,1.3883
709.85,1.3782
712.67,1.3680
715.51,1.3575
718.37,1.3473
721.26,1.3379
724.18,1.3287
727.12,1.3191
730.09,1.3099
733.08,1.3012
736.10,1.2924
739.15,1.2834
742.22,1.2753
745.33,1.2680
748.46,1.2604
751.61,1.2525
754.80,1.2445
758.01,1.2361
761.26,1.2270
764.53,1.2180
767.83,1.2093
771.15,1.2011
774.51,1.1928
777.90,1.1843
781.31,1.1757
784.76,1.1669
788.23,1.1574
791.73,1.1474
795.27,1.1378
798.83,1.1287
802.42,1.1190
806.05,1.1095
809.70,1.1005
813.39,1.0914
817.10,1.0817
820.85,1.0724
824.62,1.0640
828.43,1.0550
832.26,1.0444
836.13,1.0330
840.03,1.0219
843.96,1.0098
847.92,0.99664
851.91,0.98493
855.93,0.97565
859.99,0.96822
864.07,0.96095
868.18,0.95519
872.33,0.95129
876.50,0.94682
880.71,0.94106
884.94,0.93545
889.21,0.92920
893.50,0.92196
897.83,0.91423
902.19,0.90586
906.57,0.89773
910.99,0.88975
915.43,0.88185
919.91,0.87355
924.41,0.86545
928.94,0.85766
933.50,0.84941
938.09,0.84090
942.70,0.83322
947.35,0.82649
952.74,0.80342
957.41,0.79690
962.11,0.79132
966.83,0.78626
971.58,0.78075
976.35,0.77454
981.15,0.76749
985.98,0.76030
990.82,0.75269
995.70,0.74480
1000.59,0.73720
1005.51,0.73006
1010.45,0.72342
1015.42,0.71662
1020.41,0.70998
1025.41,0.70358
1030.44,0.69710
1035.49,0.69028
1040.57,0.68322
1045.66,0.67616
1050.77,0.66871
1055.90,0.66057
1061.04,0.65222
1066.21,0.64368
1071.39,0.63513
1076.59,0.62725
1081.81,0.61994
1087.04,0.61361
1092.29,0.60790
1097.55,0.60256
1102.83,0.59758
1108.13,0.59249
1113.43,0.58711
1118.75,0.58156
1124.09,0.57588
1129.43,0.57014
1134.79,0.56422
1140.16,0.55847
1145.53,0.55286
1150.92,0.54693
1156.32,0.54084
1161.73,0.53489
1167.15,0.52897
1172.57,0.52284
1178.01,0.51695
1183.45,0.51144
1188.90,0.50633
1194.35,0.50148
1199.82,0.49691
1205.28,0.49287
1210.76,0.48896
1216.23,0.48498
1221.72,0.48099
1227.20,0.47686
1232.69,0.47246
1238.19,0.46795
1243.68,0.46331
1249.18,0.45841
1254.68,0.45325
1260.19,0.44822
1265.69,0.44344
1271.20,0.43883
1276.70,0.43454
1282.21,0.43062
1287.72,0.42724
1293.22,0.42381
1298.73,0.42037
1304.24,0.41690
1309.74,0.41340
1315.24,0.40983
1320.74,0.40635
1326.24,0.40283
1331.74,0.39941
1337.23,0.39598
1342.72,0.39239
1348.21,0.38871
1353.69,0.38511
1359.17,0.38147
1364.64,0.37796
1370.12,0.37464
1375.58,0.37134
1381.04,0.36799
1386.50,0.36465
1391.95,0.36129
1397.40,0.35771
1402.84,0.35414
1408.28,0.35062
1413.71,0.34717
1419.13,0.34379
1424.55,0.34050
1429.96,0.33743
1435.36,0.33445
1440.76,0.33156
1446.15,0.32892
1451.54,0.32625
1456.91,0.32349
1462.28,0.32074
1467.64,0.31791
1473.00,0.31462
1478.34,0.31145
1483.68,0.30850
1489.01,0.30572
1494.33,0.30327
1499.65,0.30107
1504.95,0.29940
1510.25,0.29787
1515.54,0.29608
1520.82,0.29420
1526.09,0.29214
1531.36,0.28965
1536.61,0.28693
1541.86,0.28393
1547.09,0.28051
1552.32,0.27694
1557.54,0.27314
1562.75,0.26954
1567.95,0.26618
1573.14,0.26331
1578.32,0.26100
1583.49,0.25885
1588.65,0.25688
1593.80,0.25519
1598.95,0.25353
1601.18,0.25263
1616.86,0.24694
1632.42,0.24047
1647.91,0.23560
1663.31,0.22868
1678.61,0.22262
1693.82,0.21666
1708.93,0.20958
1723.95,0.20213
1738.86,0.19650
1753.69,0.19189
1768.43,0.18621
1783.07,0.18020
1797.62,0.17425
1812.08,0.16885
1826.44,0.16516
1840.72,0.16072
1854.90,0.15564
1869.00,0.15107
1883.00,0.14831
1896.92,0.14635
1910.75,0.14210
1924.48,0.13685
1938.13,0.13295
1951.71,0.12983
1965.19,0.12804
1978.59,0.12546
1991.92,0.12361
2005.15,0.12127
2018.31,0.11799
2031.38,0.11561
2044.38,0.11300
2057.30,0.10973
2070.13,0.10782
2082.89,0.10452
2095.58,0.10229
2108.19,0.10146
2120.73,0.098584
2133.20,0.096618
2145.59,0.094265
2157.91,0.092289
2170.15,0.089707
2182.34,0.089357
2194.44,0.088758
